X= 0.53678x10^3
X= 0.5367x10^3+0.00008x10^3
E= 0.00008x10^3=0.8x10^3-4=0.8x10^-1
